H[1] = 4.052423
H[2] = 3.604811
H[3] = 3.115666
H[4] = 2.629540
H[5] = 2.227227
