H[1] = 3.351322
H[2] = 1.214811
