H[1] = 4.078544
H[2] = 3.633747
