H[1] = 3.351322
H[2] = 2.368115
