H[1] = 4.130292
H[2] = 3.734159
H[3] = 3.271980
H[4] = 2.802201
H[5] = 2.413766
»ﬂ”‡∂»n = 0.592816
