H[1] = 4.147197
H[2] = 3.804922
H[3] = 3.407264
H[4] = 2.982084
H[5] = 2.614060
