H[1] = 4.147197
H[2] = 2.377286
