H[1] = 2.206629
H[2] = 1.687847
H[3] = 1.322271
H[4] = 1.021425
H[5] = 0.817052
»ﬂ”‡∂»n = 0.932542
